image_width: 640
image_height: 480
camera_name: narrow_stereo
camera_matrix:
  rows: 3
  cols: 3
  data: [1001.9649851826003, 0.0, 726.1928661201324, 0.0, 1002.4713012847552, 568.2062578908885, 0.0, 0.0, 1.0]
distortion_model: plumb_bob
distortion_coefficients:
  rows: 1
  cols: 5
  data: [-0.17667174206727773, 0.17495877873628257, -0.00003475689882540707, -0.00032476116513660097, -0.1190703473457472]
rectification_matrix:
  rows: 3
  cols: 3
  data: [1.0, 0.0, 0.0, 0.0, 1.0, 0.0, 0.0, 0.0, 1.0]
projection_matrix:
  rows: 3
  cols: 4
  data: [1001.9649851826003, 0.0, 726.1928661201324, 0.0, 0.0, 1002.4713012847552, 568.2062578908885, 0.0, 0.0, 0.0, 1.0, 0.0]

