%YAML:1.0   
---
cameraMatrix:
   rows: 3   
   cols: 3    
   dt: d      
   data: [ 1.0188128207317047e+03, 0.0, 7.2489932242176133e+02, 0.0,
       1.0188362340780371e+03, 5.4699810034067275e+02, 0.0, 0.0, 1.0 ]  
distCoeffs:
   rows: 5
   cols: 1  
   dt: d
   data: [ -1.4897716425876054e-01, 1.1964153641279855e-01,
       2.0495355359656886e-04, 5.7219920455037687e-04,
       -3.8332289925245226e-02 ]

